1	74
2	593
2	653
2	761
3	11
3	132
3	151
3	641
3	643
3	658
3	710
3	711
3	737
3	742
4	2
4	14
4	132
4	149
4	194
4	710
5	2
5	4
5	74
5	116
5	117
5	131
5	132
5	149
5	151
5	194
5	593
5	641
5	642
5	653
5	710
5	761
5	765
6	2
6	4
6	14
6	17
6	74
6	132
6	149
6	194
6	467
6	487
6	603
6	606
6	653
6	654
6	656
6	710
6	761
7	4
8	2
8	4
8	7
8	13
8	17
8	132
8	149
8	162
8	170
8	194
8	653
8	710
8	761
9	2
9	4
9	7
9	13
9	17
9	74
9	132
9	149
9	162
9	170
9	194
9	653
9	710
9	761
10	4
11	4
11	10
12	2
12	4
12	10
12	74
12	151
12	656
12	710
13	2
13	74
13	460
13	467
13	486
13	761
13	763
13	765
14	15
15	16
16	15
17	97
17	149
17	172
17	194
17	460
17	461
17	467
17	468
17	544
17	593
17	646
17	653
17	665
17	674
17	754
17	757
17	760
17	761
17	763
17	765
18	489
19	2
19	25
19	467
19	486
19	645
19	677
20	754
20	760
20	761
21	2
21	18
21	74
21	467
21	468
21	591
21	645
21	646
21	651
21	653
21	754
21	757
21	760
21	761
22	18
22	645
23	18
23	571
23	645
24	18
24	612
24	645
25	2
25	21
25	23
25	27
25	197
25	575
25	612
25	645
25	754
25	760
25	761
26	2
26	460
26	489
27	30
28	17
28	98
28	118
28	124
28	132
28	194
28	545
28	548
28	591
28	606
28	653
29	17
29	118
29	132
29	147
29	180
29	194
29	544
29	591
29	593
29	651
29	653
29	761
30	31
31	30
33	32
33	74
34	36
34	461
34	462
34	468
34	469
34	480
34	481
34	482
34	494
34	574
34	598
34	605
34	616
34	618
35	32
35	37
35	38
35	74
37	43
40	2
40	32
40	34
40	36
40	39
40	42
40	45
40	460
40	468
40	480
40	484
40	494
40	605
40	653
41	34
41	468
41	480
41	494
42	2
42	39
42	45
42	593
42	761
43	44
44	43
45	2
45	32
45	33
45	35
45	39
45	40
45	41
45	42
45	460
45	468
45	484
45	653
45	755
46	67
46	72
46	108
46	132
46	149
46	594
47	67
47	72
47	132
47	133
47	134
47	594
47	614
48	67
48	72
48	104
48	132
48	149
48	594
49	64
49	67
49	116
49	117
49	129
49	132
49	138
50	64
50	67
50	105
50	106
50	107
50	109
50	111
50	112
50	113
50	114
50	116
50	117
50	121
50	124
50	125
50	126
50	128
50	129
50	131
50	132
50	133
50	134
50	137
50	138
50	149
50	594
51	64
51	67
51	129
51	132
51	149
52	64
52	67
52	132
52	138
52	149
53	54
54	67
54	68
54	72
54	74
54	132
54	569
54	571
54	606
54	608
55	67
55	70
55	71
55	72
55	74
55	132
55	145
55	149
55	594
56	64
56	67
56	68
56	71
56	72
56	73
56	74
56	118
56	124
56	131
56	132
56	149
56	151
56	156
56	591
56	594
56	651
57	67
57	72
57	132
57	146
57	149
58	67
58	72
58	132
58	147
58	149
58	593
58	594
58	606
59	67
59	69
59	72
59	132
59	149
59	155
59	651
60	59
60	67
60	69
60	72
60	132
60	149
60	155
60	651
61	72
62	67
62	68
62	72
62	73
62	132
62	149
62	150
62	151
62	594
63	64
63	67
63	131
63	132
63	149
64	67
64	71
64	72
64	132
64	594
65	47
65	64
65	67
65	72
65	132
65	133
66	56
67	3
67	61
67	62
67	68
67	71
67	72
67	73
67	74
67	122
67	132
67	142
67	143
67	149
67	151
67	565
67	583
67	584
67	591
67	594
67	611
67	614
67	641
67	643
67	651
67	658
67	688
68	67
68	74
68	187
68	193
68	194
68	468
68	505
68	569
68	571
68	573
68	597
68	604
68	606
68	608
69	131
69	149
69	155
70	67
70	74
70	98
70	132
70	591
70	593
70	600
70	603
70	613
70	651
71	70
71	72
71	73
71	593
72	67
72	70
72	71
72	74
72	132
72	149
72	576
73	46
73	47
73	48
73	49
73	50
73	51
73	52
73	53
73	54
73	55
73	56
73	57
73	58
73	59
73	60
73	61
73	62
73	63
73	64
73	65
73	66
73	70
73	71
73	72
73	593
74	527
74	813
76	75
77	75
78	75
79	75
80	75
81	75
82	75
83	75
84	75
85	75
86	75
87	75
88	75
89	75
90	75
91	75
92	75
93	75
94	530
95	94
96	94
96	95
96	530
96	545
96	548
97	194
97	460
97	536
97	538
97	544
97	616
97	653
97	761
98	67
98	74
98	99
98	100
98	101
98	132
98	157
98	158
98	574
98	591
98	598
98	651
98	653
99	157
99	158
99	574
99	591
99	653
100	99
100	158
100	574
100	591
100	653
101	99
101	158
101	574
101	591
101	641
101	643
101	651
101	653
101	655
101	658
101	696
101	761
102	643
102	658
102	671
102	707
102	710
102	737
102	788
103	567
104	132
104	151
104	593
105	131
105	132
105	170
105	180
105	194
105	653
106	109
106	122
106	129
106	131
106	132
106	141
106	151
106	152
106	170
106	186
106	194
106	460
106	467
106	544
106	576
106	593
106	641
106	649
106	651
106	653
106	757
106	761
107	98
107	114
107	132
107	194
107	536
107	538
107	544
107	593
107	613
108	74
108	107
108	132
108	136
108	151
108	170
108	194
108	593
109	74
109	122
109	129
109	131
109	132
109	138
109	141
109	151
109	158
109	170
109	180
109	194
109	593
109	649
109	653
109	761
110	132
110	140
110	170
110	180
110	194
110	591
110	651
110	653
110	761
111	132
111	170
111	194
111	537
111	544
112	97
112	132
112	136
112	170
112	172
112	194
112	460
112	544
112	653
113	97
113	132
113	151
113	158
113	170
113	194
113	195
113	460
113	467
113	468
113	492
113	544
113	591
113	641
113	643
113	651
113	653
113	658
113	761
114	98
114	132
114	136
114	151
114	158
114	170
114	180
114	194
114	536
114	544
114	591
114	593
114	613
114	653
115	132
116	132
116	138
116	170
116	194
116	653
116	761
117	10
117	11
117	129
117	131
117	132
117	138
117	151
117	170
117	194
117	593
117	649
117	653
117	761
118	4
118	11
118	12
118	74
118	98
118	119
118	121
118	124
118	132
118	149
118	150
118	151
118	158
118	170
118	194
118	544
118	591
118	653
119	10
119	11
119	74
119	120
119	132
119	134
119	151
119	194
119	603
120	132
121	132
121	170
121	194
122	130
122	132
122	151
122	158
122	170
122	182
122	194
122	460
122	467
122	576
122	641
122	642
122	643
122	648
122	651
122	653
122	658
122	757
122	761
123	132
123	151
123	158
123	170
123	194
123	591
123	641
123	643
123	651
123	653
123	658
123	761
124	98
124	132
124	136
124	146
124	151
124	158
124	170
124	194
124	536
124	544
124	591
124	603
124	653
125	74
125	132
125	170
125	180
125	194
126	98
126	132
126	151
126	158
126	170
126	174
126	175
126	180
126	194
126	460
126	468
126	544
126	574
126	585
126	591
126	598
126	620
126	641
126	643
126	646
126	651
126	653
126	658
126	761
127	132
128	98
128	132
128	151
128	170
128	180
128	194
128	544
128	591
128	613
128	653
129	131
129	132
129	138
129	151
129	170
129	194
129	593
129	649
129	653
129	761
130	98
130	132
130	151
130	651
131	132
131	149
131	150
131	151
131	170
131	186
131	194
131	593
131	651
131	653
132	74
132	131
132	146
132	149
132	150
132	151
132	156
132	157
132	158
132	194
132	536
132	544
132	591
132	611
132	642
132	650
132	653
133	132
134	132
134	170
134	194
134	544
135	121
135	124
135	132
135	170
135	194
136	74
136	108
136	132
136	151
136	194
136	593
137	132
137	151
137	158
137	170
137	194
137	544
137	591
137	641
137	643
137	651
137	653
137	658
137	761
138	68
138	132
138	134
138	137
138	149
138	151
138	158
138	170
138	194
138	591
138	593
138	641
138	642
138	643
138	649
138	651
138	653
138	658
138	761
138	763
138	764
138	765
139	138
139	160
139	194
139	649
139	651
139	653
139	761
140	132
140	151
140	158
140	641
140	643
140	651
140	658
141	68
141	132
141	138
141	151
141	158
141	170
141	194
141	591
141	593
141	641
141	642
141	643
141	651
141	653
141	658
141	761
141	763
141	765
142	74
142	460
142	467
142	468
142	591
142	612
142	616
142	641
142	646
142	648
142	653
142	738
142	742
142	746
142	757
142	761
143	74
143	132
143	151
143	591
143	593
143	594
143	641
143	653
143	738
143	739
143	742
143	746
143	761
143	765
144	177
144	194
144	460
144	467
144	591
144	593
144	616
144	641
144	642
144	653
144	673
144	682
144	738
144	742
144	757
144	761
145	132
145	149
145	151
145	593
145	651
146	132
146	151
147	74
147	132
147	151
147	540
147	541
147	574
147	593
148	74
148	102
148	122
148	132
148	138
148	139
148	151
148	154
148	158
148	591
148	593
148	612
148	641
148	642
148	643
148	651
148	658
148	660
148	667
148	668
148	671
148	679
148	683
148	684
148	788
148	789
149	104
149	108
149	129
149	131
149	132
149	138
149	145
149	146
149	147
149	150
149	151
149	155
149	158
149	593
149	603
149	606
149	612
150	104
150	108
150	131
150	138
150	145
150	146
150	147
150	149
150	151
150	155
151	11
151	73
151	74
151	104
151	106
151	108
151	122
151	131
151	132
151	137
151	138
151	145
151	146
151	147
151	149
151	150
151	152
151	155
151	194
151	460
151	494
151	576
151	591
151	593
151	651
151	653
152	131
152	132
152	150
152	151
152	153
152	460
152	591
152	593
152	641
152	651
152	653
152	760
152	761
152	792
152	793
153	131
153	132
153	150
153	593
153	653
153	792
154	593
154	643
154	658
154	788
155	131
155	149
155	151
155	651
157	158
158	98
158	118
158	124
158	132
158	138
158	658
159	138
159	180
159	194
159	593
159	649
159	653
159	761
160	138
160	641
160	651
160	653
160	761
161	132
161	165
161	194
161	651
161	761
162	194
163	194
164	131
164	132
164	134
164	151
164	161
164	162
164	163
164	165
164	169
164	171
164	194
164	460
164	467
164	489
164	593
164	651
164	653
164	761
165	132
165	194
165	651
165	761
166	163
166	165
166	171
167	161
167	166
168	167
168	171
169	162
169	168
170	132
170	161
170	162
170	163
170	165
170	166
170	167
170	168
170	169
170	171
170	194
170	460
170	593
170	651
170	653
170	761
171	132
171	194
171	593
172	97
172	460
172	536
172	544
172	616
173	126
173	460
173	646
173	653
174	126
174	173
174	468
174	646
174	653
176	74
176	145
176	593
176	651
176	653
176	671
176	675
177	132
177	151
177	179
177	591
177	593
177	616
177	653
177	757
178	74
178	145
178	176
178	460
178	462
178	467
178	591
178	593
178	612
178	616
178	641
178	651
178	653
178	663
178	671
178	673
178	757
178	761
179	145
179	176
179	460
179	467
179	468
179	591
179	593
179	612
179	616
179	646
179	651
179	653
179	671
179	673
179	757
179	761
180	74
180	194
181	180
181	194
181	591
181	651
182	181
182	460
182	467
182	591
182	651
182	653
182	757
182	761
183	175
183	194
184	545
184	580
185	147
185	194
185	545
185	548
186	74
186	131
186	132
186	194
186	588
186	589
186	593
186	651
187	74
187	194
189	174
189	188
189	194
189	467
189	536
189	538
189	544
189	565
189	576
189	585
189	588
189	612
189	649
189	653
190	131
190	132
190	560
191	190
192	74
192	194
192	460
192	468
192	469
192	497
192	505
192	544
192	653
193	74
193	147
193	185
193	545
193	548
193	569
193	570
193	571
193	573
193	608
193	612
193	615
194	2
194	12
194	68
194	74
194	98
194	108
194	122
194	130
194	131
194	132
194	134
194	138
194	147
194	149
194	150
194	151
194	155
194	159
194	163
194	170
194	172
194	174
194	177
194	180
194	181
194	186
194	188
194	189
194	190
194	191
194	192
194	196
194	460
194	467
194	468
194	469
194	536
194	544
194	545
194	546
194	548
194	549
194	551
194	553
194	555
194	556
194	558
194	560
194	563
194	565
194	570
194	571
194	573
194	585
194	587
194	588
194	589
194	591
194	593
194	594
194	607
194	612
194	639
194	644
194	646
194	648
194	649
194	651
194	653
194	679
194	710
194	761
195	97
195	194
195	460
195	492
195	536
195	544
195	653
196	131
196	132
196	190
196	194
196	460
196	467
196	486
196	653
197	198
198	200
199	0
199	74
199	164
199	166
199	170
199	194
199	198
199	527
199	573
199	612
200	201
201	200
203	207
203	209
203	429
203	461
203	544
204	203
204	208
205	203
207	203
208	203
208	209
208	461
208	544
210	215
210	216
210	341
210	350
211	212
212	213
213	212
214	203
214	205
214	207
214	209
214	211
214	350
214	391
214	422
214	423
214	435
214	441
214	460
214	469
214	544
215	217
215	218
215	350
217	216
218	216
219	235
219	251
219	297
219	320
219	321
219	346
219	354
219	362
219	375
219	376
220	222
220	251
220	257
220	279
220	297
220	307
220	316
220	320
220	321
220	346
220	354
220	375
220	376
220	377
221	251
221	257
221	297
221	298
221	320
221	321
221	346
221	354
221	375
221	376
222	251
222	257
222	268
222	279
222	297
222	298
222	307
222	316
222	320
222	321
222	325
222	346
222	354
222	375
222	376
222	377
223	268
223	282
223	297
223	303
223	319
223	320
223	321
223	322
223	346
223	354
223	375
223	376
223	377
224	235
224	251
224	268
224	282
224	297
224	303
224	312
224	319
224	320
224	321
224	346
224	350
224	354
224	359
224	362
224	367
224	368
224	375
224	376
224	377
224	613
225	251
226	268
226	297
226	303
226	321
226	377
227	297
227	303
227	320
227	321
227	324
227	325
227	332
227	341
227	342
227	344
227	346
227	350
227	354
227	375
227	376
227	377
227	613
228	229
228	251
228	297
228	311
228	321
229	228
229	235
229	251
229	277
229	297
229	320
229	321
229	346
229	354
229	375
229	376
230	235
230	251
230	297
230	320
230	321
230	346
230	350
230	354
230	355
230	375
230	376
231	251
231	261
231	303
231	320
231	346
231	354
231	375
231	376
232	251
232	257
232	320
232	346
232	354
232	375
232	376
233	268
233	293
233	297
233	303
233	319
233	320
233	321
233	322
233	335
233	340
233	341
233	346
233	350
233	354
233	375
233	376
233	377
233	613
234	251
234	261
234	277
234	303
234	320
234	321
234	346
234	350
234	354
234	365
234	375
234	376
235	251
235	257
235	297
235	315
235	320
235	321
235	345
235	346
235	350
235	354
235	356
235	362
235	368
235	375
235	376
236	251
236	261
236	303
236	346
236	354
237	251
237	257
237	261
237	268
237	291
237	297
237	320
237	321
237	324
237	338
237	346
237	350
237	354
237	375
237	376
237	377
238	337
239	268
239	297
239	320
239	321
239	324
239	346
239	354
239	375
239	376
241	235
241	251
241	261
241	303
241	320
241	346
241	354
241	375
241	376
243	235
243	251
243	257
243	261
243	303
243	320
243	346
243	354
243	375
243	376
244	268
244	276
244	297
244	320
244	321
244	332
244	346
244	350
244	354
244	375
244	376
244	377
245	235
245	251
245	268
245	297
245	320
245	321
245	346
245	354
245	359
245	362
245	367
245	368
245	375
245	376
245	377
246	261
246	303
246	346
246	354
247	297
247	303
247	320
247	321
247	325
247	346
247	350
247	354
247	375
247	376
247	613
248	235
248	251
248	261
248	303
248	319
248	320
248	321
248	346
248	350
248	354
248	375
248	376
249	251
249	261
249	277
249	297
249	303
249	320
249	321
249	346
249	350
249	354
249	375
249	376
250	235
250	251
250	257
250	297
250	320
250	321
250	345
250	346
250	352
250	354
250	359
250	362
250	363
250	366
250	367
250	368
250	373
250	375
250	376
250	434
251	235
251	257
251	297
251	320
251	321
251	337
251	345
251	346
251	350
251	354
251	355
251	359
251	375
251	376
252	268
252	297
252	320
252	321
252	346
252	354
252	375
252	376
253	235
253	251
253	297
253	300
253	320
253	321
253	346
253	354
253	359
253	367
253	375
253	376
254	235
254	251
254	297
254	306
254	320
254	321
254	346
254	354
254	359
254	362
254	367
254	375
254	376
255	235
255	251
255	297
255	320
255	321
255	346
255	354
255	362
255	375
255	376
256	251
256	261
256	303
256	346
256	354
258	235
258	251
258	268
258	297
258	312
258	320
258	321
258	334
258	346
258	350
258	354
258	359
258	362
258	367
258	368
258	375
258	376
258	377
259	235
259	251
259	261
259	277
259	297
259	303
259	319
259	320
259	321
259	346
259	354
259	366
259	373
259	375
259	376
260	251
260	261
260	277
260	290
260	297
260	303
260	320
260	321
260	346
260	350
260	354
260	375
260	376
260	377
261	235
261	251
261	257
261	290
261	297
261	303
261	320
261	321
261	341
261	345
261	346
261	350
261	352
261	354
261	355
261	356
261	365
261	367
261	375
261	376
262	251
262	261
262	303
262	346
262	354
263	251
263	257
263	264
263	279
263	307
263	316
263	320
263	346
263	354
263	375
263	376
264	263
265	235
265	251
265	268
265	297
265	320
265	321
265	345
265	346
265	354
265	375
265	376
265	377
266	293
266	297
266	313
266	319
266	320
266	321
266	325
266	334
266	341
266	346
266	350
266	354
266	375
266	376
266	606
267	293
267	297
267	313
267	319
267	320
267	321
267	325
267	334
267	341
267	346
267	350
267	354
267	375
267	376
267	606
268	297
268	320
268	321
268	346
268	350
268	354
268	375
268	376
269	251
269	320
269	346
269	354
269	375
269	376
270	235
270	251
270	297
270	298
270	303
270	320
270	321
270	325
270	346
270	350
270	354
270	359
270	373
270	375
270	376
270	377
270	613
271	235
271	251
271	261
271	277
271	297
271	303
271	320
271	321
271	346
271	354
271	373
271	375
271	376
271	377
272	263
273	235
273	251
273	261
273	303
273	320
273	346
273	351
273	354
273	373
273	375
273	376
274	261
274	303
274	346
274	347
274	354
274	374
275	228
275	251
275	268
275	276
275	297
275	311
275	320
275	321
275	346
275	354
275	375
275	376
275	377
275	532
276	224
276	228
276	229
276	233
276	237
276	239
276	244
276	245
276	258
276	265
276	268
276	275
276	288
276	291
276	297
276	301
276	303
276	311
276	319
276	320
276	321
276	324
276	332
276	333
276	334
276	338
276	342
276	343
276	346
276	350
276	354
276	375
276	376
276	377
276	532
276	552
277	251
277	320
277	346
277	354
277	375
277	376
278	283
278	303
278	346
278	354
279	298
279	316
279	320
279	321
279	322
279	346
279	354
279	375
279	376
280	235
280	251
280	257
280	287
280	297
280	320
280	321
280	346
280	354
280	355
280	375
280	376
281	268
281	297
281	320
281	321
281	324
281	346
281	354
281	375
281	376
282	221
282	242
282	263
282	279
282	297
282	298
282	303
282	316
282	319
282	321
282	322
282	323
282	325
282	341
282	346
282	354
282	357
282	377
283	251
283	261
283	303
283	320
283	321
283	346
283	354
283	375
283	376
284	283
284	303
284	346
284	354
285	297
285	320
285	321
285	325
285	346
285	354
285	375
285	376
286	283
286	303
286	346
286	354
287	251
287	257
287	261
287	303
287	346
287	354
288	229
288	235
288	238
288	251
288	268
288	297
288	298
288	319
288	320
288	321
288	335
288	337
288	341
288	346
288	353
288	354
288	358
288	366
288	375
288	376
288	377
289	251
289	261
289	303
289	320
289	346
289	354
289	375
289	376
290	309
291	268
291	297
291	320
291	321
291	346
291	350
291	354
291	375
291	376
291	377
292	297
292	303
292	319
292	321
292	325
292	346
292	350
292	354
292	377
292	535
292	613
293	235
293	251
293	297
293	303
293	319
293	320
293	321
293	322
293	335
293	346
293	354
293	365
293	367
293	375
293	376
293	426
294	238
294	251
294	293
294	303
294	335
294	337
294	346
294	354
294	359
294	375
294	426
295	251
295	297
295	306
295	315
295	320
295	321
295	346
295	354
295	375
295	376
296	222
296	251
296	257
296	268
296	279
296	297
296	298
296	307
296	316
296	320
296	321
296	325
296	346
296	354
296	375
296	376
296	377
297	240
297	242
297	251
297	276
297	290
297	292
297	293
297	298
297	303
297	319
297	320
297	321
297	322
297	324
297	331
297	334
297	335
297	341
297	350
297	355
297	375
297	376
297	424
298	251
298	320
298	346
298	354
298	375
298	376
299	261
299	303
299	346
299	347
299	354
299	374
300	219
300	232
300	235
300	238
300	250
300	251
300	261
300	277
300	297
300	298
300	299
300	303
300	315
300	316
300	319
300	320
300	321
300	325
300	335
300	337
300	341
300	345
300	346
300	351
300	352
300	354
300	363
300	367
300	368
300	374
300	375
300	376
300	377
301	228
301	251
301	268
301	297
301	320
301	321
301	346
301	350
301	354
301	375
301	376
301	377
301	613
302	251
302	257
302	300
302	316
302	320
302	346
302	354
302	375
302	376
304	251
304	320
304	346
304	354
304	375
304	376
305	235
305	251
305	257
305	297
305	320
305	321
305	335
305	337
305	345
305	346
305	350
305	352
305	354
305	355
305	359
305	362
305	366
305	367
305	368
305	375
305	376
305	434
306	251
307	279
308	251
308	261
308	303
308	346
308	354
309	310
310	309
311	228
311	251
311	320
311	346
311	354
311	375
311	376
312	224
312	228
312	235
312	238
312	251
312	258
312	268
312	297
312	319
312	320
312	321
312	335
312	337
312	341
312	346
312	347
312	352
312	354
312	360
312	361
312	373
312	375
312	376
312	377
313	341
314	235
314	251
314	261
314	303
314	320
314	321
314	346
314	350
314	354
314	375
314	376
315	251
315	254
315	295
315	296
315	297
315	300
315	306
315	320
315	321
315	328
315	341
315	346
315	354
315	375
315	376
315	459
316	251
316	257
316	297
316	300
316	307
316	315
316	320
316	321
316	341
316	346
316	354
316	375
316	376
316	377
316	459
317	251
317	261
317	303
317	320
317	321
317	346
317	350
317	354
317	375
317	376
318	251
318	261
318	303
318	346
318	354
318	375
319	227
319	247
319	267
319	270
319	282
319	285
319	292
319	293
319	297
319	303
319	313
319	320
319	321
319	322
319	325
319	334
319	335
319	339
319	341
319	346
319	350
319	354
319	375
319	376
319	377
319	606
320	227
320	247
320	293
320	303
320	319
320	321
320	322
320	334
320	335
320	355
321	220
321	224
321	233
321	237
321	242
321	265
321	288
321	291
321	293
321	297
321	303
321	307
321	319
321	320
321	322
321	324
321	333
321	334
321	335
321	338
321	341
321	346
321	350
321	354
321	375
321	376
322	251
322	276
322	293
322	297
322	298
322	303
322	319
322	320
322	321
322	325
322	346
322	350
322	354
322	357
322	375
322	376
322	377
322	613
323	251
323	257
323	279
323	282
323	298
323	321
323	322
323	346
323	354
324	268
324	276
324	297
324	321
324	341
324	346
324	354
324	377
325	297
325	320
325	321
325	346
325	350
325	354
325	375
325	376
325	377
326	228
326	235
326	251
326	268
326	297
326	320
326	321
326	346
326	354
326	373
326	375
326	376
326	377
327	235
327	251
327	297
327	320
327	321
327	346
327	354
327	355
327	375
327	376
328	235
328	251
328	297
328	315
328	320
328	321
328	346
328	354
328	375
328	376
328	382
329	235
329	251
329	261
329	303
329	320
329	346
329	354
329	373
329	375
329	376
330	251
330	293
330	294
330	297
330	303
330	319
330	320
330	321
330	334
330	335
330	336
330	337
330	346
330	350
330	354
330	375
330	376
331	252
331	297
331	303
331	320
331	321
331	346
331	350
331	354
331	375
331	376
331	377
332	227
332	268
332	297
332	303
332	320
332	321
332	346
332	354
332	375
332	376
333	235
333	251
333	268
333	297
333	320
333	321
333	346
333	354
333	375
333	376
333	377
334	251
334	297
334	303
334	319
334	320
334	321
334	335
334	345
334	346
334	352
334	354
334	362
334	366
334	375
334	376
335	251
335	297
335	303
335	321
335	325
335	337
335	346
335	350
335	354
335	359
335	375
335	377
335	613
336	238
336	251
336	334
336	335
336	337
336	346
336	354
336	359
336	375
337	238
337	251
337	293
337	303
337	320
337	321
337	325
337	334
337	335
337	375
337	376
338	235
338	251
338	268
338	297
338	320
338	321
338	345
338	346
338	350
338	354
338	375
338	376
338	377
339	297
339	303
339	320
339	321
339	325
339	341
339	346
339	354
339	375
339	376
339	377
340	235
340	251
340	268
340	297
340	303
340	320
340	321
340	346
340	350
340	354
340	367
340	375
340	376
340	377
340	613
341	297
341	303
341	313
341	319
341	321
341	350
341	377
342	228
342	229
342	237
342	245
342	251
342	265
342	268
342	275
342	276
342	297
342	303
342	311
342	320
342	321
342	324
342	332
342	335
342	346
342	354
342	375
342	376
342	377
342	532
342	613
343	229
343	268
343	297
343	303
343	320
343	321
343	332
343	342
343	346
343	350
343	354
343	375
343	376
343	377
343	613
344	354
344	377
345	297
345	346
345	350
345	354
345	366
345	367
345	373
345	375
346	297
346	319
346	321
347	354
347	377
349	348
350	319
350	321
351	319
351	346
352	257
352	297
352	345
352	346
352	350
352	354
352	363
352	366
352	367
352	373
352	375
353	354
354	242
354	372
355	375
357	354
358	319
358	346
359	257
359	297
359	345
359	346
359	350
359	354
359	362
359	365
359	366
359	367
359	373
359	375
360	319
360	346
361	319
361	346
362	257
362	297
362	345
362	346
362	350
362	354
362	359
362	365
362	366
362	367
362	373
362	375
363	375
364	370
365	297
365	346
365	350
365	354
365	364
365	373
365	375
365	377
366	257
366	297
366	345
366	346
366	350
366	352
366	354
366	363
366	367
366	373
366	375
367	257
367	297
367	345
367	346
367	350
367	354
367	359
367	362
367	365
367	366
367	368
367	373
367	375
368	257
368	297
368	345
368	346
368	350
368	354
368	359
368	365
368	366
368	367
368	373
368	375
368	377
369	354
370	371
371	370
372	350
373	257
373	297
373	345
373	346
373	350
373	354
373	366
373	367
373	375
374	354
375	242
375	257
375	297
375	345
375	346
375	350
375	352
375	354
375	359
375	362
375	365
375	366
375	367
375	368
375	373
375	378
376	321
376	350
377	613
378	297
378	346
378	350
378	354
378	373
378	375
379	426
379	461
379	478
380	203
380	207
380	209
380	411
380	414
380	422
380	424
380	426
380	429
380	460
380	461
380	462
380	469
380	480
380	482
380	505
380	506
380	544
380	616
381	203
381	208
381	405
381	461
382	459
384	385
384	458
384	461
384	478
385	384
385	461
385	478
386	202
387	423
387	461
388	387
388	423
388	426
388	458
388	461
388	478
389	203
389	205
389	207
389	209
389	429
389	461
389	544
390	395
391	203
391	205
391	207
391	423
391	429
391	460
391	469
392	203
392	204
392	205
392	208
392	422
392	423
392	426
392	460
392	469
392	606
393	400
393	426
393	458
393	461
393	478
394	396
397	426
397	461
397	466
397	478
398	396
398	419
398	461
398	478
399	426
399	461
399	478
400	203
400	205
400	389
400	429
400	458
400	461
400	478
401	203
401	204
401	205
401	208
401	209
401	389
401	403
401	416
401	421
401	422
401	423
401	451
401	460
401	461
401	468
401	469
401	493
401	544
401	606
402	426
402	461
402	478
403	203
403	207
403	209
403	380
403	382
403	389
403	414
403	426
403	429
403	461
403	468
403	478
403	480
403	544
403	605
404	203
404	208
404	405
404	458
404	461
405	203
405	208
405	382
405	461
406	206
406	426
407	202
407	203
407	209
407	410
407	417
407	423
407	599
408	203
408	208
408	209
408	407
408	410
408	417
408	423
408	579
409	426
409	461
409	478
410	412
411	203
411	205
411	207
411	209
411	380
411	383
411	390
411	393
411	414
411	422
411	426
411	429
411	459
411	460
411	461
411	468
411	469
411	477
411	478
411	480
411	481
411	484
411	489
411	493
411	494
411	505
411	506
411	536
411	537
411	544
411	558
411	576
411	606
411	618
412	413
413	412
414	203
414	207
414	209
414	383
414	422
414	429
414	460
414	461
414	462
414	468
414	478
414	484
414	533
414	536
414	544
414	616
414	617
415	203
415	208
415	405
415	461
416	461
416	478
417	423
418	407
418	408
418	426
418	461
418	478
419	426
419	461
419	478
420	203
421	203
421	426
421	461
421	478
422	390
422	410
422	411
422	443
422	460
422	465
422	469
422	484
422	527
422	606
422	612
422	618
423	203
423	204
423	205
423	208
423	209
423	389
423	400
423	426
423	429
423	431
423	435
423	438
423	441
423	461
423	536
423	544
423	563
424	429
425	203
426	203
426	208
426	379
426	389
426	403
426	416
426	419
426	432
426	434
426	460
426	461
426	468
426	469
426	480
426	536
426	538
426	544
426	613
427	433
429	430
433	436
436	437
437	436
438	533
440	439
441	446
441	544
441	545
441	551
441	552
441	555
441	556
441	557
441	558
441	559
441	563
442	439
443	411
444	536
444	537
444	538
444	544
445	447
446	428
447	448
448	447
449	445
449	452
449	453
450	240
450	297
450	313
450	319
450	321
450	341
450	451
450	453
450	456
451	203
451	208
451	350
451	423
451	429
451	445
451	453
451	455
452	454
452	455
452	615
453	313
453	341
453	350
453	422
453	443
453	445
453	450
453	451
453	452
453	454
453	455
453	456
453	597
453	604
454	203
454	207
454	350
454	390
454	391
454	411
454	422
454	423
454	453
454	455
454	460
454	469
454	544
455	203
455	204
455	207
455	208
455	209
455	350
455	391
455	411
455	422
455	423
455	429
455	431
455	441
455	444
455	453
455	457
455	460
455	469
455	540
455	544
455	563
455	606
455	615
456	341
456	350
456	377
456	443
457	203
457	207
457	350
457	391
457	411
457	422
457	423
457	460
457	468
457	469
460	461
460	462
460	468
460	616
463	465
465	527
467	460
467	468
468	460
468	463
468	466
468	467
468	469
468	470
468	527
468	591
468	618
469	460
470	471
471	472
472	471
473	527
474	527
475	474
476	491
477	460
477	461
477	488
477	577
478	461
478	612
479	460
479	488
480	460
480	461
480	462
480	465
480	468
480	469
480	484
480	489
480	494
480	527
480	565
480	605
480	616
480	618
481	459
481	461
481	462
481	465
481	468
481	469
481	478
481	480
481	482
481	494
481	527
481	585
481	618
482	459
482	462
482	465
482	468
482	469
482	480
482	494
482	527
482	605
482	618
483	460
483	461
483	462
483	468
483	469
483	473
483	491
483	494
483	496
483	497
483	574
483	616
483	618
484	460
484	465
484	466
484	467
484	468
484	469
484	480
484	489
484	494
484	496
484	497
484	503
484	504
484	505
484	507
484	527
484	591
484	605
484	606
484	612
484	615
484	618
485	460
486	460
486	464
486	467
486	612
487	460
487	467
487	488
489	460
489	464
489	479
489	485
489	616
490	491
491	577
492	460
492	584
492	616
493	461
494	495
497	474
497	496
497	527
497	607
498	474
498	496
498	497
498	500
498	527
498	612
500	501
501	502
502	501
503	460
503	468
503	469
503	480
503	481
503	484
503	494
503	496
503	504
503	527
503	574
503	593
503	598
503	605
503	608
503	614
503	616
503	618
504	465
505	460
505	468
505	469
505	480
505	481
505	484
505	491
505	492
505	494
505	496
505	497
505	499
505	527
505	574
505	576
505	577
505	603
505	605
505	606
505	612
505	616
505	618
506	460
506	461
506	465
506	468
506	469
506	478
506	480
506	481
506	491
506	494
506	495
506	505
506	527
506	536
506	544
506	574
506	576
506	605
506	616
506	617
506	618
507	468
507	469
507	480
507	505
507	574
507	576
507	577
507	603
507	605
507	618
509	508
510	508
511	508
512	508
513	508
514	508
515	508
516	508
517	508
518	508
519	508
520	508
521	508
522	508
523	508
524	508
525	508
526	508
529	527
529	539
529	566
529	606
529	612
531	532
532	600
533	530
533	538
533	544
535	534
535	539
535	542
535	612
536	538
539	542
540	527
540	535
540	612
542	543
543	542
544	530
544	536
544	537
544	538
544	545
544	563
545	530
546	503
546	527
546	528
546	530
546	531
546	538
546	544
546	547
546	549
548	527
548	539
548	540
548	544
548	545
548	612
550	549
551	528
551	531
551	546
551	549
551	553
552	527
552	528
552	529
552	531
552	532
552	535
552	538
552	540
552	541
552	546
552	549
552	554
552	565
552	609
553	531
553	546
553	549
553	560
554	527
554	528
554	529
554	531
554	535
554	538
554	540
554	541
554	546
554	549
554	550
554	561
554	562
554	565
554	569
554	571
554	574
554	608
554	612
555	546
555	549
555	553
556	527
556	546
556	549
556	554
557	528
557	530
557	536
557	537
557	538
557	540
557	544
557	545
557	546
557	548
557	549
557	559
557	563
558	528
558	531
558	538
558	546
558	549
558	553
558	560
559	527
559	529
559	531
559	535
559	538
559	546
559	549
559	554
559	565
564	571
569	571
569	572
569	573
570	527
570	614
571	489
571	527
571	574
571	581
571	598
573	527
573	594
573	612
574	614
576	577
578	527
578	594
578	606
578	612
583	568
583	590
586	595
587	527
587	586
587	612
588	589
590	583
592	591
593	527
593	582
593	591
593	613
595	596
596	595
598	574
598	587
602	601
604	597
604	606
606	610
608	503
608	564
608	569
608	571
608	584
610	527
611	527
617	616
618	574
618	616
619	574
619	616
619	617
619	618
621	620
622	620
623	620
624	620
625	620
626	620
627	620
628	620
629	620
630	620
631	620
632	620
633	620
634	620
635	620
636	620
637	620
638	620
639	593
639	761
640	591
640	592
640	651
640	653
640	761
641	460
641	467
641	616
641	642
641	643
641	653
641	657
641	658
641	757
641	761
641	813
643	641
644	710
645	569
645	653
645	664
645	813
646	460
646	466
646	467
646	468
646	585
646	653
646	813
648	460
648	469
648	606
648	647
648	653
649	132
649	138
649	149
649	151
649	591
649	593
649	653
649	761
649	813
650	653
651	573
651	591
651	594
651	612
651	641
651	642
651	643
651	653
651	658
651	686
651	688
651	696
651	737
651	761
651	813
652	591
652	592
652	651
652	653
652	761
653	2
653	74
653	460
653	466
653	467
653	468
653	469
653	486
653	507
653	573
653	576
653	577
653	585
653	588
653	589
653	591
653	593
653	594
653	616
653	618
653	648
653	649
653	675
653	680
653	756
653	761
653	765
653	813
654	641
654	642
655	591
655	651
656	654
657	643
657	658
658	641
658	643
658	671
658	682
658	737
658	760
658	765
658	782
658	787
658	788
658	792
658	793
659	460
659	663
659	671
659	686
660	460
660	462
660	641
660	642
660	643
660	653
660	658
660	671
660	676
660	683
660	684
660	686
660	813
661	467
661	591
661	649
661	653
661	663
661	671
661	686
661	692
662	460
662	653
662	671
662	686
663	460
663	462
663	467
663	591
663	661
663	671
663	686
665	460
665	462
665	467
665	591
665	641
665	649
665	653
665	671
665	686
665	692
666	591
666	641
666	642
666	643
666	653
666	658
666	661
666	667
666	671
666	673
666	676
666	757
667	591
667	612
667	641
667	642
667	643
667	649
667	653
667	658
667	671
667	673
667	676
667	757
667	761
668	591
668	641
668	642
668	643
668	653
668	658
668	660
668	667
668	671
668	673
668	676
668	684
668	686
668	757
668	788
669	641
669	643
669	658
669	671
669	717
669	723
669	737
669	760
669	770
669	776
669	777
669	778
669	781
669	784
669	785
669	788
670	467
670	612
671	460
671	466
671	467
671	468
671	591
671	641
671	642
671	643
671	649
671	653
671	658
671	670
671	673
671	676
671	680
671	683
671	686
671	757
671	761
671	813
672	460
672	462
672	649
672	653
672	671
672	683
672	686
672	692
672	760
672	761
672	792
673	460
673	467
673	468
673	585
673	641
673	646
673	653
673	676
673	761
674	460
674	461
674	462
674	467
674	641
674	653
674	661
674	663
674	671
674	680
674	683
674	686
674	692
675	460
675	462
675	641
675	663
675	671
675	683
675	686
675	692
677	468
677	646
678	460
678	461
678	653
678	660
678	671
678	684
679	460
679	591
679	653
679	671
679	686
680	653
681	462
681	641
681	642
681	653
681	663
681	671
681	760
681	761
682	460
682	467
682	591
682	612
682	641
682	642
682	643
682	653
682	658
682	660
682	668
682	669
682	670
682	671
682	676
682	681
682	683
682	684
682	686
682	692
683	467
683	641
683	642
683	659
683	660
683	662
683	663
683	665
683	668
683	671
683	672
683	674
683	675
683	678
683	679
683	684
683	685
683	686
683	692
683	760
683	790
683	791
683	792
683	813
684	591
684	641
684	642
684	643
684	649
684	653
684	658
684	660
684	671
684	683
684	686
684	692
685	591
685	660
685	683
685	684
685	686
686	467
686	589
686	591
686	593
686	594
686	641
686	671
686	682
686	683
686	687
686	688
686	692
686	710
686	737
686	746
686	760
686	765
686	768
686	769
686	770
686	771
686	772
686	773
686	774
686	775
686	776
686	777
686	778
686	779
686	780
686	781
686	782
686	783
686	784
686	786
686	787
686	788
686	791
686	792
686	793
686	813
687	691
687	737
688	641
688	687
688	689
688	737
690	589
690	591
690	686
690	689
690	692
690	693
690	696
691	694
692	589
692	693
692	813
694	695
695	694
696	589
696	591
696	654
696	656
696	686
696	689
696	690
696	692
696	760
696	765
696	813
697	591
697	651
697	698
697	699
697	813
697	814
697	815
697	816
697	817
698	591
698	651
698	653
698	701
698	761
698	813
698	815
698	816
699	592
699	817
700	818
701	700
701	761
701	813
701	815
701	819
702	641
702	653
702	742
702	754
702	761
703	641
703	653
703	742
703	760
703	761
704	641
704	653
704	738
704	739
704	741
704	742
704	746
704	761
704	765
704	813
705	641
705	653
705	738
705	742
705	754
705	761
706	467
706	641
706	653
706	742
706	760
706	761
707	74
707	468
707	653
707	671
707	680
707	737
707	757
707	761
707	792
708	460
708	653
708	740
708	761
708	765
709	151
709	194
709	591
709	593
709	641
709	644
709	653
709	742
709	754
709	761
710	641
710	642
710	643
710	644
710	653
710	658
710	737
710	746
710	759
710	761
710	813
711	591
711	641
711	644
711	653
711	689
711	742
711	754
711	761
712	653
712	737
712	754
712	761
713	641
713	653
713	742
713	760
713	761
714	653
714	740
714	761
714	765
715	460
715	467
715	468
715	603
715	616
715	641
715	646
715	653
715	742
715	757
715	761
716	460
716	641
716	653
716	742
716	754
716	761
717	467
717	653
717	680
717	686
717	737
717	760
717	761
718	460
718	653
718	740
718	761
718	765
719	460
719	653
719	740
719	761
719	765
720	460
720	616
720	653
720	740
720	761
720	765
721	641
721	653
721	742
721	754
721	761
722	653
722	740
722	760
722	761
723	467
723	612
723	653
723	680
723	686
723	737
723	760
723	761
724	460
724	653
724	740
724	761
724	765
725	641
725	653
725	742
725	760
725	761
726	616
726	641
726	653
726	738
726	742
726	754
726	761
727	616
727	653
727	740
727	761
727	765
728	616
728	653
728	740
728	760
728	761
729	616
729	641
729	653
729	738
729	739
729	742
729	746
729	761
729	765
729	813
730	616
730	641
730	653
730	738
730	742
730	761
730	765
731	641
731	653
731	738
731	742
731	761
731	765
732	460
732	467
732	616
732	641
732	653
732	742
732	760
732	761
733	591
733	612
733	641
733	653
733	742
733	743
733	744
733	760
733	761
733	765
734	641
734	653
734	738
734	739
734	742
734	761
734	765
735	653
735	737
735	754
735	761
736	460
736	641
736	653
736	742
736	761
736	765
737	641
737	643
737	653
737	658
737	686
737	746
737	761
737	813
738	641
738	642
738	643
738	658
738	742
738	746
738	813
739	641
739	642
739	643
739	658
739	738
739	746
739	813
740	460
740	616
740	641
740	653
740	742
740	746
740	761
740	765
740	813
741	641
741	642
741	643
741	658
741	739
741	746
741	813
742	641
742	642
742	643
742	658
742	737
742	746
742	813
743	744
744	745
745	744
747	616
748	616
748	747
749	616
749	747
750	616
750	747
751	616
751	747
752	616
752	747
753	616
753	747
754	612
754	755
754	761
755	612
755	754
755	761
756	574
756	616
756	618
756	765
756	766
756	767
757	460
757	467
757	468
757	486
757	487
757	574
757	585
757	612
757	616
757	646
757	673
757	747
757	748
757	749
757	750
757	751
757	752
757	753
757	761
757	765
758	468
758	646
758	653
758	673
758	757
758	761
759	653
759	757
759	761
760	612
760	643
760	653
760	658
760	761
761	460
761	467
761	574
761	616
761	618
761	641
761	642
761	643
761	646
761	653
761	654
761	658
761	756
761	762
761	813
762	460
762	461
762	467
762	468
762	612
762	653
762	674
762	754
762	757
762	758
762	760
762	761
762	765
763	460
763	467
763	468
763	486
763	487
763	574
763	612
763	616
763	641
763	642
763	646
763	653
763	677
763	761
763	765
764	467
764	616
764	641
764	653
764	761
764	763
764	765
764	813
765	460
765	612
765	614
765	616
765	618
765	643
765	653
765	658
765	756
765	757
765	760
765	761
766	574
766	761
766	765
766	813
767	574
767	614
767	616
767	618
767	756
767	757
767	760
767	761
767	765
767	813
768	641
768	653
768	754
768	761
768	782
769	641
769	653
769	754
769	761
769	787
770	641
770	653
770	760
770	761
770	782
771	641
771	653
771	754
771	761
771	782
772	754
772	761
772	782
773	754
773	761
773	782
774	754
774	761
774	782
775	754
775	761
775	782
776	641
776	653
776	760
776	761
776	782
777	641
777	653
777	760
777	761
777	782
778	641
778	653
778	760
778	761
778	782
779	641
779	653
779	760
779	761
779	787
780	754
780	761
780	782
781	641
781	653
781	760
781	761
781	787
782	641
782	642
782	643
782	653
782	658
782	761
783	641
783	653
783	754
783	761
783	782
784	641
784	653
784	760
784	761
784	782
785	760
785	761
785	782
786	616
786	761
786	765
786	787
787	641
787	642
787	643
787	653
787	658
787	761
788	132
788	138
788	149
788	151
788	468
788	591
788	593
788	612
788	641
788	642
788	643
788	649
788	651
788	653
788	658
788	676
788	757
788	761
788	813
789	460
789	467
789	468
789	641
789	653
789	673
789	757
789	761
789	788
790	460
790	462
790	653
790	683
790	760
790	761
790	792
791	460
791	467
791	641
791	642
791	643
791	653
791	658
791	760
791	761
791	792
792	459
792	460
792	462
792	641
792	642
792	643
792	653
792	658
792	680
792	760
792	761
793	641
793	642
793	643
793	653
793	658
793	760
793	761
793	792
795	794
796	794
797	794
798	794
799	794
800	794
801	794
802	794
803	794
804	794
805	794
806	794
807	794
808	794
809	794
810	794
811	794
812	794
813	527
814	815
814	816
814	817
816	815
819	815
